0000000000000
0000000001100
0000000011001
0000000100101
0000000110010
0000000111110
0000001001011
0000001011000
0000001100100
0000001110001
0000001111101
0000010001010
0000010010110
0000010100011
0000010110000
0000010111100
0000011001001
0000011010101
0000011100010
0000011101110
0000011111011
0000100001000
0000100010100
0000100100001
0000100101101
0000100111010
0000101000110
0000101010011
0000101100000
0000101101100
0000101111001
0000110000101
0000110010010
0000110011110
0000110101011
0000110110111
0000111000100
0000111010001
0000111011101
0000111101010
0000111110110
0001000000011
0001000001111
0001000011100
0001000101000
0001000110101
0001001000010
0001001001110
0001001011011
0001001100111
0001001110100
0001010000000
0001010001101
0001010011001
0001010100110
0001010110010
0001010111111
0001011001011
0001011011000
0001011100101
0001011110001
0001011111110
0001100001010
0001100010111
0001100100011
0001100110000
0001100111100
0001101001001
0001101010101
0001101100010
0001101101110
0001101111011
0001110000111
0001110010100
0001110100000
0001110101101
0001110111001
0001111000110
0001111010010
0001111011111
0001111101011
0001111111000
0010000000100
0010000010001
0010000011101
0010000101010
0010000110110
0010001000010
0010001001111
0010001011011
0010001101000
0010001110100
0010010000001
0010010001101
0010010011010
0010010100110
0010010110011
0010010111111
0010011001011
0010011011000
0010011100100
0010011110001
0010011111101
0010100001010
0010100010110
0010100100010
0010100101111
0010100111011
0010101001000
0010101010100
0010101100000
0010101101101
0010101111001
0010110000110
0010110010010
0010110011110
0010110101011
0010110110111
0010111000011
0010111010000
0010111011100
0010111101001
0010111110101
0011000000001
0011000001110
0011000011010
0011000100110
0011000110011
0011000111111
0011001001011
0011001011000
0011001100100
0011001110000
0011001111101
0011010001001
0011010010101
0011010100010
0011010101110
0011010111010
0011011000110
0011011010011
0011011011111
0011011101011
0011011111000
0011100000100
0011100010000
0011100011100
0011100101001
0011100110101
0011101000001
0011101001101
0011101011010
0011101100110
0011101110010
0011101111110
0011110001011
0011110010111
0011110100011
0011110101111
0011110111011
0011111001000
0011111010100
0011111100000
0011111101100
0011111111000
0100000000101
0100000010001
0100000011101
0100000101001
0100000110101
0100001000001
0100001001110
0100001011010
0100001100110
0100001110010
0100001111110
0100010001010
0100010010110
0100010100010
0100010101111
0100010111011
0100011000111
0100011010011
0100011011111
0100011101011
0100011110111
0100100000011
0100100001111
0100100011011
0100100100111
0100100110011
0100100111111
0100101001011
0100101011000
0100101100100
0100101110000
0100101111100
0100110001000
0100110010100
0100110100000
0100110101100
0100110111000
0100111000100
0100111010000
0100111011011
0100111100111
0100111110011
0100111111111
0101000001011
0101000010111
0101000100011
0101000101111
0101000111011
0101001000111
0101001010011
0101001011111
0101001101011
0101001110111
0101010000010
0101010001110
0101010011010
0101010100110
0101010110010
0101010111110
0101011001010
0101011010101
0101011100001
0101011101101
0101011111001
0101100000101
0101100010000
0101100011100
0101100101000
0101100110100
0101101000000
0101101001011
0101101010111
0101101100011
0101101101111
0101101111010
0101110000110
0101110010010
0101110011110
0101110101001
0101110110101
0101111000001
0101111001100
0101111011000
0101111100100
0101111101111
0101111111011
0110000000111
0110000010010
0110000011110
0110000101010
0110000110101
0110001000001
0110001001101
0110001011000
0110001100100
0110001101111
0110001111011
0110010000111
0110010010010
0110010011110
0110010101001
0110010110101
0110011000000
0110011001100
0110011010111
0110011100011
0110011101110
0110011111010
0110100000101
0110100010001
0110100011100
0110100101000
0110100110011
0110100111111
0110101001010
0110101010110
0110101100001
0110101101100
0110101111000
0110110000011
0110110001111
0110110011010
0110110100101
0110110110001
0110110111100
0110111001000
0110111010011
0110111011110
0110111101010
0110111110101
0111000000000
0111000001011
0111000010111
0111000100010
0111000101101
0111000111001
0111001000100
0111001001111
0111001011010
0111001100110
0111001110001
0111001111100
0111010000111
0111010010010
0111010011110
0111010101001
0111010110100
0111010111111
0111011001010
0111011010101
0111011100001
0111011101100
0111011110111
0111100000010
0111100001101
0111100011000
0111100100011
0111100101110
0111100111001
0111101000100
0111101010000
0111101011011
0111101100110
0111101110001
0111101111100
0111110000111
0111110010010
0111110011101
0111110101000
0111110110011
0111110111101
0111111001000
0111111010011
0111111011110
0111111101001
0111111110100
0111111111111
1000000001010
1000000010101
1000000100000
1000000101010
1000000110101
1000001000000
1000001001011
1000001010110
1000001100001
1000001101011
1000001110110
1000010000001
1000010001100
1000010010111
1000010100001
1000010101100
1000010110111
1000011000001
1000011001100
1000011010111
1000011100010
1000011101100
1000011110111
1000100000010
1000100001100
1000100010111
1000100100001
1000100101100
1000100110111
1000101000001
1000101001100
1000101010110
1000101100001
1000101101100
1000101110110
1000110000001
1000110001011
1000110010110
1000110100000
1000110101011
1000110110101
1000111000000
1000111001010
1000111010101
1000111011111
1000111101001
1000111110100
1000111111110
1001000001001
1001000010011
1001000011101
1001000101000
1001000110010
1001000111100
1001001000111
1001001010001
1001001011011
1001001100110
1001001110000
1001001111010
1001010000100
1001010001111
1001010011001
1001010100011
1001010101101
1001010111000
1001011000010
1001011001100
1001011010110
1001011100000
1001011101010
1001011110101
1001011111111
1001100001001
1001100010011
1001100011101
1001100100111
1001100110001
1001100111011
1001101000101
1001101001111
1001101011001
1001101100011
1001101101101
1001101110111
1001110000001
1001110001011
1001110010101
1001110011111
1001110101001
1001110110011
1001110111101
1001111000111
1001111010001
1001111011011
1001111100100
1001111101110
1001111111000
1010000000010
1010000001100
1010000010110
1010000011111
1010000101001
1010000110011
1010000111101
1010001000110
1010001010000
1010001011010
1010001100011
1010001101101
1010001110111
1010010000000
1010010001010
1010010010100
1010010011101
1010010100111
1010010110001
1010010111010
1010011000100
1010011001101
1010011010111
1010011100000
1010011101010
1010011110011
1010011111101
1010100000110
1010100010000
1010100011001
1010100100011
1010100101100
1010100110110
1010100111111
1010101001000
1010101010010
1010101011011
1010101100101
1010101101110
1010101110111
1010110000001
1010110001010
1010110010011
1010110011100
1010110100110
1010110101111
1010110111000
1010111000001
1010111001011
1010111010100
1010111011101
1010111100110
1010111101111
1010111111001
1011000000010
1011000001011
1011000010100
1011000011101
1011000100110
1011000101111
1011000111000
1011001000001
1011001001010
1011001010011
1011001011100
1011001100101
1011001101110
1011001110111
1011010000000
1011010001001
1011010010010
1011010011011
1011010100100
1011010101101
1011010110110
1011010111110
1011011000111
1011011010000
1011011011001
1011011100010
1011011101011
1011011110011
1011011111100
1011100000101
1011100001110
1011100010110
1011100011111
1011100101000
1011100110000
1011100111001
1011101000010
1011101001010
1011101010011
1011101011011
1011101100100
1011101101101
1011101110101
1011101111110
1011110000110
1011110001111
1011110010111
1011110100000
1011110101000
1011110110001
1011110111001
1011111000010
1011111001010
1011111010010
1011111011011
1011111100011
1011111101011
1011111110100
1011111111100
1100000000100
1100000001101
1100000010101
1100000011101
1100000100110
1100000101110
1100000110110
1100000111110
1100001000110
1100001001111
1100001010111
1100001011111
1100001100111
1100001101111
1100001110111
1100001111111
1100010001000
1100010010000
1100010011000
1100010100000
1100010101000
1100010110000
1100010111000
1100011000000
1100011001000
1100011010000
1100011011000
1100011011111
1100011100111
1100011101111
1100011110111
1100011111111
1100100000111
1100100001111
1100100010110
1100100011110
1100100100110
1100100101110
1100100110110
1100100111101
1100101000101
1100101001101
1100101010100
1100101011100
1100101100100
1100101101011
1100101110011
1100101111011
1100110000010
1100110001010
1100110010001
1100110011001
1100110100000
1100110101000
1100110110000
1100110110111
1100110111110
1100111000110
1100111001101
1100111010101
1100111011100
1100111100100
1100111101011
1100111110010
1100111111010
1101000000001
1101000001000
1101000010000
1101000010111
1101000011110
1101000100110
1101000101101
1101000110100
1101000111011
1101001000010
1101001001010
1101001010001
1101001011000
1101001011111
1101001100110
1101001101101
1101001110100
1101001111011
1101010000010
1101010001001
1101010010000
1101010010111
1101010011110
1101010100101
1101010101100
1101010110011
1101010111010
1101011000001
1101011001000
1101011001111
1101011010110
1101011011101
1101011100011
1101011101010
1101011110001
1101011111000
1101011111111
1101100000101
1101100001100
1101100010011
1101100011001
1101100100000
1101100100111
1101100101101
1101100110100
1101100111011
1101101000001
1101101001000
1101101001110
1101101010101
1101101011011
1101101100010
1101101101000
1101101101111
1101101110101
1101101111100
1101110000010
1101110001001
1101110001111
1101110010101
1101110011100
1101110100010
1101110101001
1101110101111
1101110110101
1101110111011
1101111000010
1101111001000
1101111001110
1101111010100
1101111011011
1101111100001
1101111100111
1101111101101
1101111110011
1101111111001
1101111111111
1110000000101
1110000001100
1110000010010
1110000011000
1110000011110
1110000100100
1110000101010
1110000110000
1110000110101
1110000111011
1110001000001
1110001000111
1110001001101
1110001010011
1110001011001
1110001011111
1110001100100
1110001101010
1110001110000
1110001110110
1110001111011
1110010000001
1110010000111
1110010001101
1110010010010
1110010011000
1110010011110
1110010100011
1110010101001
1110010101110
1110010110100
1110010111001
1110010111111
1110011000100
1110011001010
1110011001111
1110011010101
1110011011010
1110011100000
1110011100101
1110011101011
1110011110000
1110011110101
1110011111011
1110100000000
1110100000101
1110100001011
1110100010000
1110100010101
1110100011010
1110100100000
1110100100101
1110100101010
1110100101111
1110100110100
1110100111001
1110100111110
1110101000100
1110101001001
1110101001110
1110101010011
1110101011000
1110101011101
1110101100010
1110101100111
1110101101100
1110101110001
1110101110101
1110101111010
1110101111111
1110110000100
1110110001001
1110110001110
1110110010011
1110110010111
1110110011100
1110110100001
1110110100110
1110110101010
1110110101111
1110110110100
1110110111000
1110110111101
1110111000010
1110111000110
1110111001011
1110111001111
1110111010100
1110111011001
1110111011101
1110111100010
1110111100110
1110111101011
1110111101111
1110111110011
1110111111000
1110111111100
1111000000001
1111000000101
1111000001001
1111000001110
1111000010010
1111000010110
1111000011011
1111000011111
1111000100011
1111000100111
1111000101011
1111000110000
1111000110100
1111000111000
1111000111100
1111001000000
1111001000100
1111001001000
1111001001100
1111001010000
1111001010100
1111001011000
1111001011100
1111001100000
1111001100100
1111001101000
1111001101100
1111001110000
1111001110100
1111001111000
1111001111011
1111001111111
1111010000011
1111010000111
1111010001011
1111010001110
1111010010010
1111010010110
1111010011001
1111010011101
1111010100001
1111010100100
1111010101000
1111010101100
1111010101111
1111010110011
1111010110110
1111010111010
1111010111101
1111011000001
1111011000100
1111011001000
1111011001011
1111011001110
1111011010010
1111011010101
1111011011001
1111011011100
1111011011111
1111011100010
1111011100110
1111011101001
1111011101100
1111011101111
1111011110011
1111011110110
1111011111001
1111011111100
1111011111111
1111100000010
1111100000101
1111100001001
1111100001100
1111100001111
1111100010010
1111100010101
1111100011000
1111100011011
1111100011110
1111100100000
1111100100011
1111100100110
1111100101001
1111100101100
1111100101111
1111100110010
1111100110100
1111100110111
1111100111010
1111100111101
1111100111111
1111101000010
1111101000101
1111101000111
1111101001010
1111101001101
1111101001111
1111101010010
1111101010100
1111101010111
1111101011001
1111101011100
1111101011110
1111101100001
1111101100011
1111101100110
1111101101000
1111101101010
1111101101101
1111101101111
1111101110010
1111101110100
1111101110110
1111101111000
1111101111011
1111101111101
1111101111111
1111110000001
1111110000100
1111110000110
1111110001000
1111110001010
1111110001100
1111110001110
1111110010000
1111110010010
1111110010100
1111110010110
1111110011000
1111110011010
1111110011100
1111110011110
1111110100000
1111110100010
1111110100100
1111110100110
1111110101000
1111110101001
1111110101011
1111110101101
1111110101111
1111110110000
1111110110010
1111110110100
1111110110110
1111110110111
1111110111001
1111110111010
1111110111100
1111110111110
1111110111111
1111111000001
1111111000010
1111111000100
1111111000101
1111111000111
1111111001000
1111111001010
1111111001011
1111111001100
1111111001110
1111111001111
1111111010001
1111111010010
1111111010011
1111111010100
1111111010110
1111111010111
1111111011000
1111111011001
1111111011011
1111111011100
1111111011101
1111111011110
1111111011111
1111111100000
1111111100001
1111111100010
1111111100011
1111111100100
1111111100101
1111111100110
1111111100111
1111111101000
1111111101001
1111111101010
1111111101011
1111111101100
1111111101101
1111111101101
1111111101110
1111111101111
1111111110000
1111111110001
1111111110001
1111111110010
1111111110011
1111111110011
1111111110100
1111111110101
1111111110101
1111111110110
1111111110110
1111111110111
1111111110111
1111111111000
1111111111000
1111111111001
1111111111001
1111111111010
1111111111010
1111111111011
1111111111011
1111111111011
1111111111100
1111111111100
1111111111100
1111111111101
1111111111101
1111111111101
1111111111101
1111111111110
1111111111110
1111111111110
1111111111110
1111111111110
1111111111110
1111111111110
1111111111110
1111111111110
1111111111110
1111111111111
